4957090909
6306519293
4414900343
0203908498
1385049110
3493090436
4518275497
5514410334
1938763638
5057902127
8408467568
9964957561
6276583665
6716656988
8907908136
2940026287
0844861700
6185435480
8504283956
1396618713
8367646396
7374600995
5287543175
4878859729
0967685210
3553175333
1140409742
0265114999
6865055511
5731116964
9007170481
5501550390
9201234704
9696873783
2065852258
9533869056
2782394007
2110117468
0795848883
7411471586
4131603164
4370804153
3598423897
1201617978
0748089499
3284807716
9127627271
3841517683
2379585747
2017663976
2722919366
2536743578
1548166530
8583476572
4441531438
3374870586
1258037022
9037902608
6542689733
8537864283
8836856678
3461398313
3563959645
4784511265
3695682266
5595268516
4056290591
4021938934
0913855779
7666726558
8313264233
4044319879
2030887275
5606073863
2058479032
2788544956
5170460352
7537430032
8814278643
0886263078
0368528909
3752917573
5661625362
1357033530
7778213825
3012477065
8624625272
7186829758
3086791410
1746231663
0901338593
8885386647
7148123497
0717172653
4861613876
0510085164
3283636471
3511571317
6217479534
6626842009
1345341051
2467055448
3695201032
8666172798
4983153645
6993613132
7248845817
5502773896
7819901911
2442386274
4112469178
7391990114
2164555050
3532983217
8281932972
4555937452
4633703395
4827186111
7851673409
3813489800
6019020473
0056845827
6845773873
5364639402
7016391708
4136906883
9258804398
0045004893
7242172566
5088964554
9609645289
1382771424
2743479446
0222749860
4801072566
1642798760
4408508657
8339754873
4635905348
9844342986
9573583880
0556354446
2214118829
3422136921
2377014451
6990928331
3639139433
0097446669
1214151752
1425145718
6133029622
0485989168
8568078663
0649443106
7726312573
9563540381
1120522017
8607167046
0206518013
8338757988
9322301342
7360577843
6984844950
7798281247
0916856143
1967134205
1382577426
8047482543
6248087128
3647719259
7002710866
9964298969
4176921187
2876400287
5993084508
2229275460
6231402313
2080725836
0130446431
4685884680
9199567481
2935036202
9709720082
4079021349
4908199882
9030799903
4978687134
5864804357
3488772026
9567680969
3646042495
2551148651
2428477922
6693384442
2102238189
1051996403
8045889475
4825205429
4105473867
2546565620